0.0
20.0
20.0
35.0
35.0
77.5
120.0
165.0
210.0
210.0
260.0
310.0
360.0
410.0
410.0
460.0
510.0
560.0
610.0
660.0
660.0
710.0
760.0
809.5
859.0
908.5
958.0
1007.5
1057.0
1106.5
1156.0
1205.5
1255.0
1304.5
1354.0
1403.5
1453.0
1502.5
1552.0
1601.5
1651.0
1700.5
1750.0
1799.5
1849.0
1898.5
1948.0
1997.5
2047.0
2096.5
2146.0
2195.5
2245.0
2294.5
2344.0
2393.5
2443.0
2492.5
2542.0
2591.5
2640.0
2690.0
2740.0
2740.0
2789.7
2839.3
2891.5
2891.5
2939.3
2989.7
3040.0
3090.3
3140.7
3191.0
3241.3
3291.6
3342.0
3392.3
3442.6
3493.0
3543.3
3593.6
3644.0
3694.3
3744.6
3795.0
3845.3
3895.6
3945.9
3996.3
4046.6
4097.0
4147.3
4197.6
4247.9
4298.3
4348.6
4398.9
4449.3
4499.6
4549.9
4600.3
4650.6
4700.9
4801.6
4851.9
4902.2
4952.6
5002.9
5053.2
5103.6
5153.5
5153.5
5204.6
5255.3
5306.0
5356.8
5407.5
5458.2
5508.9
5559.6
5610.3
5661.0
5711.7
5813.2
5863.9
5914.6
5965.3
6016.0
6066.7
6117.4
6168.1
6218.9
6269.6
6320.3
6371.0
