
2.720
2.720
2.920
2.920
3.320
3.345
3.371
3.398
3.426
3.426
3.456
3.486
3.517
3.547
3.756
3.818
3.879
3.941
4.003
4.065
4.371
4.401
4.431
4.460
4.489
4.517
4.546
4.574
4.603
4.631
4.659
4.687
4.715
4.742
4.770
4.797
4.825
4.852
4.878
4.905
4.932
4.958
4.985
5.01
5.037
5.063
5.089
5.114
5.140
5.165
5.190
5.215
5.240
5.265
5.290
5.314
5.339
5.363
5.387
5.411
5.435
5.458
5.482
5.482
5.505
5.528
5.551
9.915
9.994
10.072
10.149
10.223
10.296
10.368
10.438
10.506
10.573
10.639
10.702
10.765
10.826
10.885
10.943
11.000
11.056
11.109
11.162
11.214
11.264
11.313
11.360
11.407
11.452
11.496
11.539
11.581
11.622
11.661
11.700
11.737
11.774
11.809
11.844
11.877
11.941
11.972
12.000
12.031
12.059
12.087
12.113
12.139
12.704
12.729
12.753
12.776
12.798
12.819
12.839
12.857
12.875
12.892
12.907
12.922
12.947
12.959
12.969
12.978
12.986
12.993
12.999
13.004
13.007
13.010
13.012
13.01
