1.000000000000000000e+01 2.007829106095864754e-38
1.097498765493056183e+01 2.296754108640907501e-38
1.204503540258782479e+01 2.620272174902637771e-38
1.321941148466028615e+01 2.981441343638439012e-38
1.450828778495939453e+01 3.383524723626954529e-38
1.592282793341092351e+01 3.831444855853585445e-38
1.747528400007684013e+01 4.329601311723284534e-38
1.917910261672488659e+01 4.882438480165103070e-38
2.104904144512020636e+01 5.495188632560774819e-38
2.310129700083160387e+01 6.175068572277642337e-38
2.535364493970111255e+01 6.928224440393367571e-38
2.782559402207124322e+01 7.761096719776662855e-38
3.053855508833415300e+01 8.681424715109232008e-38
3.351602650938842487e+01 9.697249273977924332e-38
3.678379771828633693e+01 1.081700942843105387e-37
4.037017258596553404e+01 1.205018327672725218e-37
4.430621457583881551e+01 1.341368853321321989e-37
4.862601580065353346e+01 1.492216849984537283e-37
5.336699231206309690e+01 1.658950295048523419e-37
5.857020818056667366e+01 1.842888733509096763e-37
6.428073117284321825e+01 2.045136741755792334e-37
7.054802310718645231e+01 2.267328913940001963e-37
7.742636826811269657e+01 2.511123148011922282e-37
8.497534359086446898e+01 2.779299787948082902e-37
9.326033468832200413e+01 3.074522742896777352e-37
1.023531021899026854e+02 3.399372628580731057e-37
1.123324032978027560e+02 3.756631397641210915e-37
1.232846739442066024e+02 4.149431374842248013e-37
1.353047774579807481e+02 4.580968826650498215e-37
1.484968262254464832e+02 5.054898776953429117e-37
1.629750834620643332e+02 5.575410587680922381e-37
1.788649529057435075e+02 6.147252188982598109e-37
1.963040650040272510e+02 6.775304253027801709e-37
2.154434690031884259e+02 7.464899871719770938e-37
2.364489412645407072e+02 8.222010505281850276e-37
2.595024211399737055e+02 9.053205282566711400e-37
2.848035868435802058e+02 9.965364642277620480e-37
3.125715849688235153e+02 1.096624983889303026e-36
3.430469286314918804e+02 1.206469273905442456e-36
3.764935806792471453e+02 1.326989798735602098e-36
4.132012400115338551e+02 1.459190827683181763e-36
4.534878508128581984e+02 1.604181860075508558e-36
4.977023564332114347e+02 1.763146094811062391e-36
5.462277217684342077e+02 1.937420166260218326e-36
5.994842503189407807e+02 2.128377729810484918e-36
6.579332246575681893e+02 2.337663756136442012e-36
7.220809018385471063e+02 2.566897750232477099e-36
7.924828983539176761e+02 2.818016570249342717e-36
8.697490026177833897e+02 3.092968655240517791e-36
9.545484566618347344e+02 3.393853208406757955e-36
1.047615752789665066e+03 3.723059383725439436e-36
1.149756995397736773e+03 4.083086842354189379e-36
1.261856883066021055e+03 4.476592582831364622e-36
1.384886371393873105e+03 4.906427443502690942e-36
1.519911082952934748e+03 5.375834149930518846e-36
1.668100537200059080e+03 5.888287595923306280e-36
1.830738280295369577e+03 6.447325218811511310e-36
2.009233002565048082e+03 7.056958341305380967e-36
2.205130739903045196e+03 7.721658158498277888e-36
2.420128264794383085e+03 8.445627593830373325e-36
2.656087782946686730e+03 9.233581316955140470e-36
2.915053062825179040e+03 1.009061634269372180e-35
3.199267137797384294e+03 1.102245386633941909e-35
3.511191734215134602e+03 1.203452842792493384e-35
3.853528593710531368e+03 1.313306946691431369e-35
4.229242874389498866e+03 1.432496591952156090e-35
4.641588833612781855e+03 1.561680083021236842e-35
5.094138014816379837e+03 1.701437057085450330e-35
5.590810182512228494e+03 1.852610489287209133e-35
6.135907273413175972e+03 2.015922708181292262e-35
6.734150657750828032e+03 2.192205927264158909e-35
7.390722033525782535e+03 2.382334368358630651e-35
8.111308307896872975e+03 2.587179361336755245e-35
8.902150854450392217e+03 2.807713652266794799e-35
9.770099572992256071e+03 3.044772441249418766e-35
1.072267222010325349e+04 3.299324164057043774e-35
1.176811952434999148e+04 3.572457505390388000e-35
1.291549665014882703e+04 3.865247221154955339e-35
1.417474162926807549e+04 4.178765241470594021e-35
1.555676143930472244e+04 4.514143366562234395e-35
1.707352647470692318e+04 4.872670324078892766e-35
1.873817422860386796e+04 5.255331647281031738e-35
2.056512308348651277e+04 5.663266729733842628e-35
2.257019719633921341e+04 6.097723031167726784e-35
2.477076355991714081e+04 6.559974642885457685e-35
2.718588242732940125e+04 7.051134065995471905e-35
2.983647240283340216e+04 7.572612919388882140e-35
3.274549162877731942e+04 8.125803819888298167e-35
3.593813663804625685e+04 8.711903729587081114e-35
3.944206059437664226e+04 9.332733189429732685e-35
4.328761281083061476e+04 9.989377411247945964e-35
4.750810162102793402e+04 1.068349193060121131e-34
5.214008287999694585e+04 1.141640716530427075e-34
5.722367659350219765e+04 1.218974780255195585e-34
6.280291441834259604e+04 1.300484632487682147e-34
6.892612104349708534e+04 1.386348465360183341e-34
7.564633275546289224e+04 1.476726537196838557e-34
8.302175681319751311e+04 1.571781089374431702e-34
9.111627561154904834e+04 1.671705572074888821e-34
1.000000000000000000e+05 1.776655691471616923e-34
