1.000000000000000000e+01 7.520313785215701236e-39
1.097498765493056183e+01 8.550426191564378208e-39
1.204503540258782479e+01 9.700656968168063453e-39
1.321941148466028615e+01 1.098157603332350557e-38
1.450828778495939453e+01 1.240523630566960873e-38
1.592282793341092351e+01 1.398726746773367376e-38
1.747528400007684013e+01 1.574309618772590517e-38
1.917910261672488659e+01 1.768761269606351822e-38
2.104904144512020636e+01 1.983934424615935708e-38
2.310129700083160387e+01 2.222256209627251188e-38
2.535364493970111255e+01 2.485819929348327773e-38
2.782559402207124322e+01 2.776835225046648630e-38
3.053855508833415300e+01 3.098298091236066764e-38
3.351602650938842487e+01 3.453212200177453065e-38
3.678379771828633693e+01 3.844693782637657327e-38
4.037017258596553404e+01 4.275971984083633614e-38
4.430621457583881551e+01 4.751453430451583444e-38
4.862601580065353346e+01 5.275264776938491713e-38
5.336699231206309690e+01 5.851680134331042927e-38
5.857020818056667366e+01 6.486006603137759962e-38
6.428073117284321825e+01 7.184296991881933229e-38
7.054802310718645231e+01 7.952455566660552975e-38
7.742636826811269657e+01 8.796949985066646406e-38
8.497534359086446898e+01 9.725398589776049670e-38
9.326033468832200413e+01 1.074636145680109539e-37
1.023531021899026854e+02 1.186824755955186184e-37
1.123324032978027560e+02 1.310080933853120118e-37
1.232846739442066024e+02 1.445502745561415936e-37
1.353047774579807481e+02 1.594250677090095976e-37
1.484968262254464832e+02 1.757564183944192852e-37
1.629750834620643332e+02 1.936892690933224353e-37
1.788649529057435075e+02 2.133806178275639095e-37
1.963040650040272510e+02 2.349954306366662645e-37
2.154434690031884259e+02 2.587179361336755379e-37
2.364489412645407072e+02 2.847526493332107326e-37
2.595024211399737055e+02 3.133191491321123294e-37
2.848035868435802058e+02 3.446666729790960906e-37
3.125715849688235153e+02 3.790539435796669513e-37
3.430469286314918804e+02 4.167658451218994465e-37
3.764935806792471453e+02 4.581371221280887423e-37
4.132012400115338551e+02 5.035002196009533167e-37
4.534878508128581984e+02 5.532237910268602460e-37
4.977023564332114347e+02 6.077564172547226034e-37
5.462277217684342077e+02 6.675178607991758968e-37
5.994842503189407807e+02 7.330204981226541212e-37
6.579332246575681893e+02 8.047882186792415514e-37
7.220809018385471063e+02 8.834117624208241347e-37
7.924828983539176761e+02 9.695205232085062231e-37
8.697490026177833897e+02 1.063807623232106763e-36
9.545484566618347344e+02 1.167018220603617499e-36
1.047615752789665066e+03 1.279949966035780485e-36
1.149756995397736773e+03 1.403514154513305060e-36
1.261856883066021055e+03 1.538601528935260864e-36
1.384886371393873105e+03 1.686231767422709600e-36
1.519911082952934748e+03 1.847507898228971493e-36
1.668100537200059080e+03 2.023640069989698065e-36
1.830738280295369577e+03 2.215901936943656417e-36
2.009233002565048082e+03 2.425684368508566395e-36
2.205130739903045196e+03 2.654580939162314355e-36
2.420128264794383085e+03 2.904056529235978247e-36
2.656087782946686730e+03 3.175722154506667754e-36
2.915053062825179040e+03 3.471367881417101153e-36
3.199267137797384294e+03 3.793037370654217918e-36
3.511191734215134602e+03 4.142694115429064848e-36
3.853528593710531368e+03 4.522596876094058898e-36
4.229242874389498866e+03 4.935213772872173963e-36
4.641588833612781855e+03 5.382969029012593661e-36
5.094138014816379837e+03 5.868151014903507951e-36
5.590810182512228494e+03 6.393637152504015536e-36
6.135907273413175972e+03 6.962326151192315079e-36
6.734150657750828032e+03 7.577203865861855047e-36
7.390722033525782535e+03 8.241098546243977232e-36
8.111308307896872975e+03 8.957416528076563348e-36
8.902150854450392217e+03 9.729670760028657904e-36
9.770099572992256071e+03 1.056117303528048339e-35
1.072267222010325349e+04 1.145568322942435830e-35
1.176811952434999148e+04 1.241700994082571129e-35
1.291549665014882703e+04 1.344955408618528652e-35
1.417474162926807549e+04 1.455695966720521936e-35
1.555676143930472244e+04 1.574364932577856963e-35
1.707352647470692318e+04 1.701407167641536118e-35
1.873817422860386796e+04 1.837280285804943943e-35
2.056512308348651277e+04 1.982436335980105660e-35
2.257019719633921341e+04 2.137313931758891964e-35
2.477076355991714081e+04 2.302470429471018029e-35
2.718588242732940125e+04 2.478298391274336278e-35
2.983647240283340216e+04 2.665328434017687496e-35
3.274549162877731942e+04 2.864132484639997030e-35
3.593813663804625685e+04 3.075197956479367399e-35
3.944206059437664226e+04 3.299063352940751464e-35
4.328761281083061476e+04 3.536335549015415889e-35
4.750810162102793402e+04 3.787610622939946071e-35
5.214008287999694585e+04 4.053391976693634160e-35
5.722367659350219765e+04 4.334433787102006483e-35
6.280291441834259604e+04 4.631298995313875902e-35
6.892612104349708534e+04 4.944586102178669783e-35
7.564633275546289224e+04 5.274986767311024818e-35
8.302175681319751311e+04 5.622968721868042409e-35
9.111627561154904834e+04 5.989380398925571378e-35
1.000000000000000000e+05 6.374739361768432212e-35
