1.000000000000000000e+01 5.315918427629156468e-38
1.097498765493056183e+01 5.953399335463520009e-38
1.204503540258782479e+01 6.656676417105703849e-38
1.321941148466028615e+01 7.431534378817095403e-38
1.450828778495939453e+01 8.283699475268001183e-38
1.592282793341092351e+01 9.222071630998707718e-38
1.747528400007684013e+01 1.025484516975539584e-37
1.917910261672488659e+01 1.139016456426344563e-37
2.104904144512020636e+01 1.263740393996144715e-37
2.310129700083160387e+01 1.400890745748764992e-37
2.535364493970111255e+01 1.551575846388239617e-37
2.782559402207124322e+01 1.716930260474996552e-37
3.053855508833415300e+01 1.898572228993611988e-37
3.351602650938842487e+01 2.097993057023033468e-37
3.678379771828633693e+01 2.316894779723906840e-37
4.037017258596553404e+01 2.556951398111072371e-37
4.430621457583881551e+01 2.820393813705580024e-37
4.862601580065353346e+01 3.109421491367111199e-37
5.336699231206309690e+01 3.426261897717029621e-37
5.857020818056667366e+01 3.773696488934907631e-37
6.428073117284321825e+01 4.154646601285028130e-37
7.054802310718645231e+01 4.572245562811368645e-37
7.742636826811269657e+01 5.029830438519140893e-37
8.497534359086446898e+01 5.531314714134992587e-37
9.326033468832200413e+01 6.080661192080056417e-37
1.023531021899026854e+02 6.682570396808131936e-37
1.123324032978027560e+02 7.341610178378082656e-37
1.232846739442066024e+02 8.063590655510333722e-37
1.353047774579807481e+02 8.854082303969166933e-37
1.484968262254464832e+02 9.719420702672063466e-37
1.629750834620643332e+02 1.066689511753501662e-36
1.788649529057435075e+02 1.170375017062839546e-36
1.963040650040272510e+02 1.283823287081782630e-36
2.154434690031884259e+02 1.407959258149214574e-36
2.364489412645407072e+02 1.543772761864230760e-36
2.595024211399737055e+02 1.692300481558812923e-36
2.848035868435802058e+02 1.854727149842383673e-36
3.125715849688235153e+02 2.032315024540172164e-36
3.430469286314918804e+02 2.226476435530031116e-36
3.764935806792471453e+02 2.438673311767808524e-36
4.132012400115338551e+02 2.670601196899774945e-36
4.534878508128581984e+02 2.923892870391903452e-36
4.977023564332114347e+02 3.200392522730055922e-36
5.462277217684342077e+02 3.502147325020329183e-36
5.994842503189407807e+02 3.831377548188190212e-36
6.579332246575681893e+02 4.190527323753395093e-36
7.220809018385471063e+02 4.582176116584417566e-36
7.924828983539176761e+02 5.009108478857140495e-36
8.697490026177833897e+02 5.474280243398768334e-36
9.545484566618347344e+02 5.980548653332797303e-36
1.047615752789665066e+03 6.531227505372550662e-36
1.149756995397736773e+03 7.130043732094931151e-36
1.261856883066021055e+03 7.780686442242371662e-36
1.384886371393873105e+03 8.486899990214654699e-36
1.519911082952934748e+03 9.253148249132017720e-36
1.668100537200059080e+03 1.008414823723891512e-35
1.830738280295369577e+03 1.098427720307550898e-35
2.009233002565048082e+03 1.195886943929779921e-35
2.205130739903045196e+03 1.301353071950823266e-35
2.420128264794383085e+03 1.415312047035949574e-35
2.656087782946686730e+03 1.538290725440021319e-35
2.915053062825179040e+03 1.670868810558814542e-35
3.199267137797384294e+03 1.813725774660875947e-35
3.511191734215134602e+03 1.967396555696772345e-35
3.853528593710531368e+03 2.132606986491576700e-35
4.229242874389498866e+03 2.310026400691926967e-35
4.641588833612781855e+03 2.500382434158427473e-35
5.094138014816379837e+03 2.704167188015231247e-35
5.590810182512228494e+03 2.922121315092836429e-35
6.135907273413175972e+03 3.154953189386699008e-35
6.734150657750828032e+03 3.403435872307725270e-35
7.390722033525782535e+03 3.668329883886749667e-35
8.111308307896872975e+03 3.950334858995603227e-35
8.902150854450392217e+03 4.250358848629174365e-35
9.770099572992256071e+03 4.568913408495109849e-35
1.072267222010325349e+04 4.906772226938763173e-35
1.176811952434999148e+04 5.264710704430140241e-35
1.291549665014882703e+04 5.643651802827684174e-35
1.417474162926807549e+04 6.044291032361231130e-35
1.555676143930472244e+04 6.467403844464269625e-35
1.707352647470692318e+04 6.913938217311222839e-35
1.873817422860386796e+04 7.384683883457938519e-35
2.056512308348651277e+04 7.880486684446017334e-35
2.257019719633921341e+04 8.402120108540675894e-35
2.477076355991714081e+04 8.950495455987797029e-35
2.718588242732940125e+04 9.526541017521426211e-35
2.983647240283340216e+04 1.013138082333104557e-34
3.274549162877731942e+04 1.076572933909369528e-34
3.593813663804625685e+04 1.143045470629569148e-34
3.944206059437664226e+04 1.212727211674877362e-34
4.328761281083061476e+04 1.285696580305543818e-34
4.750810162102793402e+04 1.362027232586307455e-34
5.214008287999694585e+04 1.441939340825761167e-34
5.722367659350219765e+04 1.525521293305845004e-34
6.280291441834259604e+04 1.612913526129271893e-34
6.892612104349708534e+04 1.704204102517574798e-34
7.564633275546289224e+04 1.799570705301146322e-34
8.302175681319751311e+04 1.899105949519995508e-34
9.111627561154904834e+04 2.002932251897926798e-34
1.000000000000000000e+05 2.111266220815549433e-34
