1.000000000000000000e+01 1.663400611065449198e-38
1.097498765493056183e+01 1.861516728520363723e-38
1.204503540258782479e+01 2.080102408185315894e-38
1.321941148466028615e+01 2.320968522459407625e-38
1.450828778495939453e+01 2.585952506803714245e-38
1.592282793341092351e+01 2.877724570256176509e-38
1.747528400007684013e+01 3.198790586752760449e-38
1.917910261672488659e+01 3.551713509953149256e-38
2.104904144512020636e+01 3.939419964167062140e-38
2.310129700083160387e+01 4.365765703338015665e-38
2.535364493970111255e+01 4.834302265711670476e-38
2.782559402207124322e+01 5.348704390522179309e-38
3.053855508833415300e+01 5.913685378236133280e-38
3.351602650938842487e+01 6.534153934651465615e-38
3.678379771828633693e+01 7.215158062242276426e-38
4.037017258596553404e+01 7.962240820807287691e-38
4.430621457583881551e+01 8.782281031134906601e-38
4.862601580065353346e+01 9.682014501010880278e-38
5.336699231206309690e+01 1.066876917081920881e-37
5.857020818056667366e+01 1.175072180735292353e-37
6.428073117284321825e+01 1.293728391718622894e-37
7.054802310718645231e+01 1.423790849658306534e-37
7.742636826811269657e+01 1.566295895345873251e-37
8.497534359086446898e+01 1.722534415621853178e-37
9.326033468832200413e+01 1.893792123366277686e-37
1.023531021899026854e+02 2.081454895980455954e-37
1.123324032978027560e+02 2.287131190937531775e-37
1.232846739442066024e+02 2.512402772087940088e-37
1.353047774579807481e+02 2.759086910529599652e-37
1.484968262254464832e+02 3.029167176114904642e-37
1.629750834620643332e+02 3.324867110854183819e-37
1.788649529057435075e+02 3.648663305917670609e-37
1.963040650040272510e+02 4.003113637341948351e-37
2.154434690031884259e+02 4.391109936491499891e-37
2.364489412645407072e+02 4.815866151390272285e-37
2.595024211399737055e+02 5.280828047444929459e-37
2.848035868435802058e+02 5.789714726915704645e-37
3.125715849688235153e+02 6.346525227893936263e-37
3.430469286314918804e+02 6.955541283064241257e-37
3.764935806792471453e+02 7.621592868637548591e-37
4.132012400115338551e+02 8.349810817513281066e-37
4.534878508128581984e+02 9.145759726554276766e-37
4.977023564332114347e+02 1.001555917901443656e-36
5.462277217684342077e+02 1.096596087110375571e-36
5.994842503189407807e+02 1.200401776952703518e-36
6.579332246575681893e+02 1.313756914043290920e-36
7.220809018385471063e+02 1.437500592036853644e-36
7.924828983539176761e+02 1.572595854395967416e-36
8.697490026177833897e+02 1.719979314591875400e-36
9.545484566618347344e+02 1.880679888584482660e-36
1.047615752789665066e+03 2.055817064087279422e-36
1.149756995397736773e+03 2.246651950698179720e-36
1.261856883066021055e+03 2.454360509143291469e-36
1.384886371393873105e+03 2.680353893030159811e-36
1.519911082952934748e+03 2.926102399445633617e-36
1.668100537200059080e+03 3.193204146666365389e-36
1.830738280295369577e+03 3.483279892613839744e-36
2.009233002565048082e+03 3.798004819262018200e-36
2.205130739903045196e+03 4.139456845613817560e-36
2.420128264794383085e+03 4.509427395611023294e-36
2.656087782946686730e+03 4.909962622529072458e-36
2.915053062825179040e+03 5.343163477632449256e-36
3.199267137797384294e+03 5.811368457933009507e-36
3.511191734215134602e+03 6.316993157830111202e-36
3.853528593710531368e+03 6.862208796794596549e-36
4.229242874389498866e+03 7.449965058426961141e-36
4.641588833612781855e+03 8.082665881745496940e-36
5.094138014816379837e+03 8.762786125002640317e-36
5.590810182512228494e+03 9.493211955285495960e-36
6.135907273413175972e+03 1.027702760762417310e-35
6.734150657750828032e+03 1.111686574472670329e-35
7.390722033525782535e+03 1.201572723601695660e-35
8.111308307896872975e+03 1.297654806467539549e-35
8.902150854450392217e+03 1.400287932683728130e-35
9.770099572992256071e+03 1.509711777175972083e-35
1.072267222010325349e+04 1.626243056639019879e-35
1.176811952434999148e+04 1.750231105484915374e-35
1.291549665014882703e+04 1.882018424936897252e-35
1.417474162926807549e+04 2.021916631564513128e-35
1.555676143930472244e+04 2.170306887646307824e-35
1.707352647470692318e+04 2.327501414631964839e-35
1.873817422860386796e+04 2.493868066046822617e-35
2.056512308348651277e+04 2.669709954323338686e-35
2.257019719633921341e+04 2.855365932864384994e-35
2.477076355991714081e+04 3.051197834202336418e-35
2.718588242732940125e+04 3.257626627045660127e-35
2.983647240283340216e+04 3.475059293994011099e-35
3.274549162877731942e+04 3.703815049448001776e-35
3.593813663804625685e+04 3.944336591195381397e-35
3.944206059437664226e+04 4.197158038066930913e-35
4.328761281083061476e+04 4.462616209386878212e-35
4.750810162102793402e+04 4.741114372061275431e-35
5.214008287999694585e+04 5.033366108288899596e-35
5.722367659350219765e+04 5.339691596783677281e-35
6.280291441834259604e+04 5.660680620001752443e-35
6.892612104349708534e+04 5.996644802957955426e-35
7.564633275546289224e+04 6.348532392289736137e-35
8.302175681319751311e+04 6.716701791475166058e-35
9.111627561154904834e+04 7.101604897035179751e-35
1.000000000000000000e+05 7.504081572978526159e-35
