4.015428610695759744e+03 5.440990362895139040e-41 3.263773031790127899e+00
4.104457079819130740e+03 1.063296664308104905e-40 2.562611950259700233e+00
4.195459452374213470e+03 2.088563212474500177e-40 1.899585960465289602e+00
4.288479492954472335e+03 4.051822198856097357e-40 1.314131200912584507e+00
4.383561936484342368e+03 6.977543383024004870e-40 1.014555631831266069e+00
4.480752509733024453e+03 1.060993696659727557e-39 8.638778205682082767e-01
4.580097953305264127e+03 1.609630789024521816e-39 7.235923580339930217e-01
4.681646044119707767e+03 2.313260996392258392e-39 8.140865240445462891e-01
4.785445618385639136e+03 3.351155365376940612e-39 8.827962399060094167e-01
4.891546595089143921e+03 4.622227917914218755e-39 9.762796183054390786e-01
4.999999999999999091e+03 6.346255106033701352e-39 9.688909677814468990e-01
5.110857990210843127e+03 8.714668310434661236e-39 9.604557485645156545e-01
5.224173879220409617e+03 1.196786824302274722e-38 9.522970207349928939e-01
5.340002162572882298e+03 1.600339330110195560e-38 8.594741556954982320e-01
5.458398544065759779e+03 2.110710966072663736e-38 7.596608222925527176e-01
5.579419962538745494e+03 2.788084644887489441e-38 6.471156014623759001e-01
5.703124619256606820e+03 3.622144844390654172e-38 5.641373846659885061e-01
5.829572005899161013e+03 4.639048965102367859e-38 4.898719461754208471e-01
5.958822933171836667e+03 5.867379542470178691e-38 4.159337036454349157e-01
6.090939560050579530e+03 7.293808227741153701e-38 3.678490284607117133e-01
6.225985423675165293e+03 9.027314326198431810e-38 3.265431507533578803e-01
6.364025469905292084e+03 1.112191677404660387e-37 2.856046672429098376e-01
6.505126084554156478e+03 1.335129099120537596e-37 2.613685051647987589e-01
6.649355125314518773e+03 1.594805105867019820e-37 2.423466003057390961e-01
6.796781954392633452e+03 1.905304156566266678e-37 2.231490093982449741e-01
6.947477471865693587e+03 2.252099830265076171e-37 2.076027930201933547e-01
7.101514149778922729e+03 2.622096033137602018e-37 1.945836871523070333e-01
7.258966066998594215e+03 3.053464089177911595e-37 1.815002729480230115e-01
7.419908944837829949e+03 3.530919632768303776e-37 1.715185578017946189e-01
7.584420183472267126e+03 4.064556408941207079e-37 1.636379592387159354e-01
7.752578899163125243e+03 4.641245647334861611e-37 1.557960354761438182e-01
7.924465962305569519e+03 5.270033519176389050e-37 1.495171058094771077e-01
8.100164036320657033e+03 5.959012708624006050e-37 1.445835127540396892e-01
8.279757617409590239e+03 6.738372442122080472e-37 1.397130142500761230e-01
8.463333075189379088e+03 7.552963192647670429e-37 1.352392279452610535e-01
8.650978694229470420e+03 8.417682164919463218e-37 1.313394285492046343e-01
8.842784716509291684e+03 9.382016516611275925e-37 1.274796861594414688e-01
9.038843384817178958e+03 1.042869178113594519e-36 1.242765329182501238e-01
9.239248987111461247e+03 1.152500372777414647e-36 1.218029360348572288e-01
9.444097901865212407e+03 1.271730728535082215e-36 1.192430081834768424e-01
9.653488644416256648e+03 1.400489968880978545e-36 1.170112737402822095e-01
9.867521914344893958e+03 1.536702136020777502e-36 1.153530547862745281e-01
1.008630064390205189e+04 1.683367859557867324e-36 1.135572997845454568e-01
1.030993004751111584e+04 1.836504593882523632e-36 1.117734773936395615e-01
1.053851767236741034e+04 1.996386265328528510e-36 1.106158700255221033e-01
1.077217345015943101e+04 2.170242888351684186e-36 1.094657904062221326e-01
1.101100974993688942e+04 2.357058495678369746e-36 1.084179369644449609e-01
1.125514143215089098e+04 2.550587241544401262e-36 1.076184434543755730e-01
1.150468590389229939e+04 2.750328657049750664e-36 1.064015770981905362e-01
1.175976317535480484e+04 2.963834135195971353e-36 1.052814272268300377e-01
1.202049591754986977e+04 3.183561719505307231e-36 1.046180300535140273e-01
1.228700952130131554e+04 3.419653092663194293e-36 1.039572762117188659e-01
1.255943215754790981e+04 3.671994764466401110e-36 1.033413926050594650e-01
1.283789483898294930e+04 3.918892806328967487e-36 1.026485167667132437e-01
1.312253148306051298e+04 4.180940179029711970e-36 1.019055963448380342e-01
1.341347897639863550e+04 4.460054642221783939e-36 1.011749157891786433e-01
1.371087724061042718e+04 4.744203293415159722e-36 1.006708360684175074e-01
1.401486929959476038e+04 5.046565046039017631e-36 1.001683615491474055e-01
1.432560134831890718e+04 5.358854334211685890e-36 9.942195786745805508e-02
1.464322282312618518e+04 5.670429097290174471e-36 9.883423767434280915e-02
1.496788647360244977e+04 6.000098101619344198e-36 9.825365494069226990e-02
1.529974843603597765e+04 6.349178922353382447e-36 9.767536064163714893e-02
1.563896830850606784e+04 6.703233229552088098e-36 9.729582105044380647e-02
1.598570922763648014e+04 7.070165196994683227e-36 9.682137656701145234e-02
1.634013794705062537e+04 7.448324222077617219e-36 9.617404594624501257e-02
1.670242491756621894e+04 7.833750065723113302e-36 9.566747466849397086e-02
1.707274436916800187e+04 8.237233874746392063e-36 9.518522464131758121e-02
1.745127439479789609e+04 8.661986712814695564e-36 9.470416083438266963e-02
1.783819703600294451e+04 9.093365813598294547e-36 9.430932436888371517e-02
1.823369837048220870e+04 9.529510780591087568e-36 9.374723098617503136e-02
1.863796860157468836e+04 9.987412064127378309e-36 9.318661446769080370e-02
1.905120214973136535e+04 1.045177992658729884e-35 9.273282445524476392e-02
1.947359774601530808e+04 1.093245388745852337e-35 9.231591731161724323e-02
1.990535852767484539e+04 1.143637854346541917e-35 9.189607321340337309e-02
2.034669213583570672e+04 1.193799727008115616e-35 9.139672400314827194e-02
2.079781081535921112e+04 1.245494857425131530e-35 9.091401808605417689e-02
2.125893151691446838e+04 1.299583911673106941e-35 9.042897202577288018e-02
2.173027600131349027e+04 1.355208126112459478e-35 8.999148840518404746e-02
2.221207094615999813e+04 1.412748273220206707e-35 8.958130224544090525e-02
2.270454805486239275e+04 1.471775453764673904e-35 8.908518440638731051e-02
2.320794416806390655e+04 1.531285959163151438e-35 8.860131472152349419e-02
2.372250137754331445e+04 1.592124058062179761e-35 8.816216435900713078e-02
2.424846714264099865e+04 1.655648231852194664e-35 8.771668368488068357e-02
2.478609440926637399e+04 1.721194086671889660e-35 8.729196793758856043e-02
2.533564173154387390e+04 1.787987003861516656e-35 8.685804801049151758e-02
2.589737339615606106e+04 1.856436709831613374e-35 8.637140692715515600e-02
2.647155954944358746e+04 1.926779344891801790e-35 8.590857660609760305e-02
2.705847632732318380e+04 1.998635230181288313e-35 8.547839184510827581e-02
2.765840598808613140e+04 2.073590509559410942e-35 8.503872568820307343e-02
2.827163704814115044e+04 2.150775236556260500e-35 8.459484318170827633e-02
2.889846442076662061e+04 2.227690280733110176e-35 8.411250223712390950e-02
2.953918955793977511e+04 2.307792370534225209e-35 8.362368075204013040e-02
3.019412059530984334e+04 2.390149323595283558e-35 8.315206396246130338e-02
3.086357250038582060e+04 2.473227735229208496e-35 8.272950678585129503e-02
3.154786722400971121e+04 2.559792479602906984e-35 8.229528405388375489e-02
3.224733385518816431e+04 2.647395718955602489e-35 8.182426451591572059e-02
3.296230877935701574e+04 2.738208900723222447e-35 8.134357075771370127e-02
3.369313584015476954e+04 2.832722628668133595e-35 8.085587519717493676e-02
3.444016650478287193e+04 2.927662043117652713e-35 8.040927516397125552e-02
3.520376003303228208e+04 3.025617811679746484e-35 7.996390461345684320e-02
3.598428365005763771e+04 3.125389980428716621e-35 7.950005898946485572e-02
3.678211272298209951e+04 3.227824418547468786e-35 7.902540327827232980e-02
3.759763094141780311e+04 3.334292232994836252e-35 7.854443136277323989e-02
3.843123050198872079e+04 3.443528668646904693e-35 7.807420097698862527e-02
3.928331229694475041e+04 3.553815659011009520e-35 7.763349376819317360e-02
4.015428610695759562e+04 3.666893355910771814e-35 7.718219580685255210e-02
4.104457079819130013e+04 3.781752390277753268e-35 7.672351208209339524e-02
4.195459452374214015e+04 3.900962149063558655e-35 7.625965241699247943e-02
4.288479492954472516e+04 4.024737456984950981e-35 7.579033845333318919e-02
4.383561936484342732e+04 4.149423844192615979e-35 7.535152282910219379e-02
4.480752509733024635e+04 4.277398947228994226e-35 7.491397987989281693e-02
4.580097953305263945e+04 4.406034585635244946e-35 7.447886645368972935e-02
4.681646044119707949e+04 4.539349090853730460e-35 7.403999160383251121e-02
4.785445618385639682e+04 4.677559632869501829e-35 7.359719557469934781e-02
4.891546595089143375e+04 4.819247330629507059e-35 7.315762936534014882e-02
4.999999999999999272e+04 4.962824510630984123e-35 7.272725753610127797e-02
5.110857990210843127e+04 5.106731672275394336e-35 7.230629816165870527e-02
5.224173879220404342e+04 5.255050375934861206e-35 7.188455345028142707e-02
5.340002162572876841e+04 5.408574275466593346e-35 7.146026737347083158e-02
5.458398544065754686e+04 5.567531683620172679e-35 7.103337665141967738e-02
5.579419962538739492e+04 5.727751450197258455e-35 7.062802606066309608e-02
5.703124619256600272e+04 5.888775691599170444e-35 7.023595282013496421e-02
5.829572005899154465e+04 6.052924885123590734e-35 6.984928371324007623e-02
5.958822933171829936e+04 6.222565949962703980e-35 6.946133730046226418e-02
6.090939560050573346e+04 6.397923849959749405e-35 6.907209177368127395e-02
6.225985423675158381e+04 6.577379731266020241e-35 6.868814717703362882e-02
6.364025469905285718e+04 6.756792544127010191e-35 6.832397676407304943e-02
6.505126084554163390e+04 6.937809666016651953e-35 6.797402980674338568e-02
6.649355125314525503e+04 7.124591985111528331e-35 6.762374303370234652e-02
6.796781954392633634e+04 7.317359915178264183e-35 6.727311560356483144e-02
6.947477471865693224e+04 7.516343632948460919e-35 6.692215213731858570e-02
7.101514149778922729e+04 7.715910248302915496e-35 6.657714810248706316e-02
7.258966066998594033e+04 7.914267966673511676e-35 6.625168107553598695e-02
7.419908944837830495e+04 8.118631646714862589e-35 6.592669837537938615e-02
7.584420183472266945e+04 8.329215806241764191e-35 6.560221199527861702e-02
7.752578899163125607e+04 8.546243701510132499e-35 6.527823771300202138e-02
7.924465962305568974e+04 8.768029948731414244e-35 6.495764217159054332e-02
8.100164036320656305e+04 8.985833100125956944e-35 6.466350987139241058e-02
8.279757617409589875e+04 9.209009475068000311e-35 6.437305563299255962e-02
8.463333075189379451e+04 9.438642872471210773e-35 6.408373681457224524e-02
8.650978694229488610e+04 9.674949796601465595e-35 6.379556507941985810e-02
8.842784716509310238e+04 9.918154904861015629e-35 6.350855450449821582e-02
9.038843384817188780e+04 1.015740163947611988e-34 6.326560738118128246e-02
9.239248987111471070e+04 1.039928736608564552e-34 6.303601224370368461e-02
9.444097901865221502e+04 1.064781460561379845e-34 6.280779075239864562e-02
9.653488644416266470e+04 1.090319174249825364e-34 6.258093392931966814e-02
9.867521914344903780e+04 1.116563442117990225e-34 6.235543421239922446e-02
1.008630064390205080e+05 1.142863435186513687e-34 6.213187140715954737e-02
1.030993004751111584e+05 1.168802382791108152e-34 6.191056006764254771e-02
1.053851767236740998e+05 1.195415292927776047e-34 6.169058930148352271e-02
1.077217345015943138e+05 1.222721987680596446e-34 6.147196138814392530e-02
1.101100974993688869e+05 1.250742931243345155e-34 6.125467967334517067e-02
1.125514143215089134e+05 1.279356390920546519e-34 6.104161357978810099e-02
1.150468590389229939e+05 1.307825062666255712e-34 6.084755796991356963e-02
1.175976317535480484e+05 1.337005046589817729e-34 6.065541990377411319e-02
1.202049591754987050e+05 1.366916023519835698e-34 6.046518354431162229e-02
1.228700952130131627e+05 1.397578264758809905e-34 6.027683353010607897e-02
1.255943215754790872e+05 1.429012650851730567e-34 6.009035499142067333e-02
1.283789483898295002e+05 1.459234531312509683e-34 5.992834798711006022e-02
1.312253148306051153e+05 1.489924307666725059e-34 5.977061953026272662e-02
1.341347897639863368e+05 1.521337797098524911e-34 5.961439788155099839e-02
1.371087724061042536e+05 1.553493854890346917e-34 5.945967029518593044e-02
1.401486929959476111e+05 1.586411867365863492e-34 5.930642443652436868e-02
1.432560134831890755e+05 1.619363933279599022e-34 5.916440180497575807e-02
1.464322282312618336e+05 1.652647388880935337e-34 5.902965111910325746e-02
1.496788647360244941e+05 1.686686317209072608e-34 5.889678657856892846e-02
1.529974843603597838e+05 1.721499334908665481e-34 5.876578069278683841e-02
1.563896830850606784e+05 1.757105548084712107e-34 5.863660622416012186e-02
1.598570922763647977e+05 1.792685327551038055e-34 5.852340630828316292e-02
1.634013794705062464e+05 1.827726852124269021e-34 5.843367670999217306e-02
1.670242491756622039e+05 1.863520336943374346e-34 5.834526958989581097e-02
1.707274436916800041e+05 1.900083235358110251e-34 5.825816034845150010e-02
1.745127439479789464e+05 1.937433431817454919e-34 5.817232465909114025e-02
1.783819703600294597e+05 1.975414567401961319e-34 5.808960532035752078e-02
1.823369837048220797e+05 2.013128472111764329e-34 5.801960473765140763e-02
1.863796860157468764e+05 2.051623313370381284e-34 5.795114931699196781e-02
1.905120214973136317e+05 2.090916338699847403e-34 5.788420576589887317e-02
1.947359774601530808e+05 2.131025196484466489e-34 5.781874107623910519e-02
1.990535852767488395e+05 2.171967945660017908e-34 5.775472253593393057e-02
2.034669213583574747e+05 2.211455834350055665e-34 5.767719450334905795e-02
2.079781081535925332e+05 2.251437015151356735e-34 5.759914397261318292e-02
2.125893151691446838e+05 2.292201785284619384e-34 5.752235252703502555e-02
2.173027600131348881e+05 2.333766515897320955e-34 5.744679832043683015e-02
2.221207094615999958e+05 2.376147937801104367e-34 5.737245972477715561e-02
2.270454805486239493e+05 2.418614134884603383e-34 5.731007454054815042e-02
2.320794416806390800e+05 2.461467899600709164e-34 5.725485255614452818e-02
2.372250137754331517e+05 2.505133287627531894e-34 5.720076519527955011e-02
2.424846714264100010e+05 2.549626484443309013e-34 5.714779041819929850e-02
2.478609440926637326e+05 2.594964011781988316e-34 5.709590639930078176e-02
2.533564173154387390e+05 2.640181839944576042e-34 5.705617072809450463e-02
2.589737339615605888e+05 2.684691361074727824e-34 5.703460494321407892e-02
2.647155954944363912e+05 2.730002245499168428e-34 5.701395977133279225e-02
2.705847632732323837e+05 2.776129662703435852e-34 5.699421139350999144e-02
2.765840598808618961e+05 2.823089080881220446e-34 5.697533626120045852e-02
2.827163704814115190e+05 2.870711781722627978e-34 5.695898737101232762e-02
2.889846442076662206e+05 2.918052031884273861e-34 5.695368179196479835e-02
2.953918955793977366e+05 2.966218380965764226e-34 5.694930995950191199e-02
3.019412059530984261e+05 3.015225841980169961e-34 5.694584703688092275e-02
3.086357250038582133e+05 3.065089709484436585e-34 5.694326847764100141e-02
3.154786722400970757e+05 3.115825564993854316e-34 5.694155002806233767e-02
3.224733385518816067e+05 3.165343060881111842e-34 5.694115739379630725e-02
3.296230877935701283e+05 3.215431211062277657e-34 5.694163347103625705e-02
3.369313584015477099e+05 3.266355287648220235e-34 5.694289788556102655e-02
3.444016650478286901e+05 3.318129779595246819e-34 5.694493010472681527e-02
3.520376003303228063e+05 3.370769434440082709e-34 5.694770984064394248e-02
3.598428365005764063e+05 3.423423041697893476e-34 5.695801181782875200e-02
3.678211272298209951e+05 3.476447872985705731e-34 5.697289588652904718e-02
3.759763094141780166e+05 3.530332648315496806e-34 5.698856809812163221e-02
3.843123050198872224e+05 3.585091744579618921e-34 5.700500805900940438e-02
3.928331229694475187e+05 3.640739784532139105e-34 5.702219562911583356e-02
4.015428610695759999e+05 3.696273307215270930e-34 5.704430921776983132e-02
4.104457079819130013e+05 3.751087428096476260e-34 5.707358864444637275e-02
4.195459452374213724e+05 3.806751035631208276e-34 5.710347441270574587e-02
4.288479492954472080e+05 3.863277683884534979e-34 5.713394862827381182e-02
4.383561936484342441e+05 3.920681147934808243e-34 5.716499363305466846e-02
4.480752509733024053e+05 3.978785653570729265e-34 5.719790405448735293e-02
4.580097953305263654e+05 4.036621454392252371e-34 5.723934223808926219e-02
4.681646044119707658e+05 4.095331012570854730e-34 5.728139428176221015e-02
4.785445618385639391e+05 4.154927841973808547e-34 5.732404294287182095e-02
4.891546595089143375e+05 4.215425668969235027e-34 5.736727121299503573e-02
4.999999999999999418e+05 4.276838435811543625e-34 5.741106231711291807e-02
5.110857990210843273e+05 4.336711614993938232e-34 5.744886217266909068e-02
5.224173879220404197e+05 4.397151014216241619e-34 5.748637385374332637e-02
5.340002162572887028e+05 4.458464339320497894e-34 5.752437493829034437e-02
5.458398544065766037e+05 4.520664513772667550e-34 5.756285197356238864e-02
5.579419962538750842e+05 4.583764655211242435e-34 5.760179168866939176e-02
5.703124619256611913e+05 4.646882577209989122e-34 5.764668900885527858e-02
5.829572005899166688e+05 4.710392385617386868e-34 5.769515966797403306e-02
5.958822933171842014e+05 4.774798902965865347e-34 5.774413108099158559e-02
6.090939560050586006e+05 4.840115021174834692e-34 5.779359048282626393e-02
6.225985423675171332e+05 4.906353819716782639e-34 5.784352528485384171e-02
6.364025469905298669e+05 4.972471665884403053e-34 5.790080048313391708e-02
6.505126084554162808e+05 5.037846406896215418e-34 5.796919483023583314e-02
6.649355125314525794e+05 5.104107913483444355e-34 5.803802037607948272e-02
6.796781954392633634e+05 5.171268424373769407e-34 5.810726538253892237e-02
6.947477471865693806e+05 5.239340349133854230e-34 5.817691827646149366e-02
7.101514149778921856e+05 5.308120755166644642e-34 5.824816733576763939e-02
7.258966066998594906e+05 5.376509633448436413e-34 5.832711194779791747e-02
7.419908944837829331e+05 5.445804675252912386e-34 5.840652279526695190e-02
7.584420183472266654e+05 5.516018057242701896e-34 5.848638887532903868e-02
7.752578899163125316e+05 5.587162121059014421e-34 5.856669934194723426e-02
7.924465962305569556e+05 5.659249375569824707e-34 5.864744350459834971e-02
8.100164036320656305e+05 5.730178835790382595e-34 5.872515682685804789e-02
8.279757617409589002e+05 5.801762766644167481e-34 5.880284133622240561e-02
8.463333075189379742e+05 5.874266020635194972e-34 5.888090478397443872e-02
8.650978694229470566e+05 5.947700564915295080e-34 5.895933753853466880e-02
8.842784716509293066e+05 6.022078523644011076e-34 5.903813010846986620e-02
9.038843384817169281e+05 6.096446009951671183e-34 5.912245032242385151e-02
9.239248987111471361e+05 6.171209486023943826e-34 5.921005602808394191e-02
9.444097901865221793e+05 6.246912757429862762e-34 5.929806173577611972e-02
9.653488644416265888e+05 6.323567772232991670e-34 5.938645888727543676e-02
9.867521914344904944e+05 6.401186631304169154e-34 5.947523904753383023e-02
1.008630064390205080e+06 6.477802081083879339e-34 5.956711898217782047e-02
1.030993004751111497e+06 6.552247893554292031e-34 5.966364588042065431e-02
1.053851767236741027e+06 6.627569436523220386e-34 5.976060549285056728e-02
1.077217345015943283e+06 6.703777115276898995e-34 5.985799082217570927e-02
1.101100974993688986e+06 6.780881459332513760e-34 5.995579496678550557e-02
1.125514143215089105e+06 6.858893123925527461e-34 6.005401111986407442e-02
1.150468590389230056e+06 6.937822891515009921e-34 6.015263256849891216e-02
1.175976317535480484e+06 7.017681673306479270e-34 6.025165269278353469e-02
1.202049591754986905e+06 7.098480510793597102e-34 6.035106496491825928e-02
1.228700952130131656e+06 7.180230577318028176e-34 6.045086294830727403e-02
1.255943215754790930e+06 7.262943179648053933e-34 6.055104029665223792e-02
1.283789483898294857e+06 7.346629759576092951e-34 6.065159075304423636e-02
1.312253148306051269e+06 7.431301895535687667e-34 6.075250814905512609e-02
1.341347897639863426e+06 7.516971304237290265e-34 6.085378640382508447e-02
1.371087724061042536e+06 7.603649842324285456e-34 6.095541952315164380e-02
1.401486929959475994e+06 7.691349508048551370e-34 6.105740159857792754e-02
1.432560134831890697e+06 7.780082442966140185e-34 6.115972680647965148e-02
1.464322282312618569e+06 7.869860933653311092e-34 6.126238940715392212e-02
1.496788647360244999e+06 7.960697413443300505e-34 6.136538374390838879e-02
1.529974843603597721e+06 8.052604464183752525e-34 6.146870424215192252e-02
1.563896830850606784e+06 8.145594818015283485e-34 6.157234540848582210e-02
1.598570922763647977e+06 8.236519848365480515e-34 6.168624548318574902e-02
1.634013794705065899e+06 8.323522173438545538e-34 6.181598991835818291e-02
1.670242491756625473e+06 8.411464338319490301e-34 6.194618581749292835e-02
1.707274436916803708e+06 8.500356598674793134e-34 6.207682807439284661e-02
1.745127439479792956e+06 8.590209322698897303e-34 6.220791164957982511e-02
1.783819703600298148e+06 8.681032992352810379e-34 6.233943156962678395e-02
1.823369837048224639e+06 8.772838204617772000e-34 6.247138292648815594e-02
1.863796860157472547e+06 8.865635672761458415e-34 6.260376087683258706e-02
1.905120214973140275e+06 8.959436227619407659e-34 6.273656064137443644e-02
1.947359774601534940e+06 9.054250818889523749e-34 6.286977750420726097e-02
1.990535852767488454e+06 9.150090516441452570e-34 6.300340681213756344e-02
2.034669213583574863e+06 9.246966511640697736e-34 6.313744397402021313e-02
2.079781081535925390e+06 9.344890118686451796e-34 6.327188446009611444e-02
2.125893151691447012e+06 9.443872775965198894e-34 6.340672380132932051e-02
2.173027600131349172e+06 9.543926047418431335e-34 6.354195758874929545e-02
2.221207094616000075e+06 9.645061623926399312e-34 6.367758147279276026e-02
2.270454805486239493e+06 9.747291324706065215e-34 6.381359116264936904e-02
2.320794416806390509e+06 9.850627098725477683e-34 6.394998242560799573e-02
2.372250137754331343e+06 9.955081026133121695e-34 6.408675108640947415e-02
2.424846714264099952e+06 1.006066531970360974e-33 6.422389302659697874e-02
2.478609440926637035e+06 1.016739232629855940e-33 6.436140418387450990e-02
2.533564173154387157e+06 1.027229726465346023e-33 6.449955549760184870e-02
2.589737339615605772e+06 1.037364256066745439e-33 6.463855659950210053e-02
2.647155954944358673e+06 1.047601321288576611e-33 6.477800403030567478e-02
2.705847632732318249e+06 1.057941973739791243e-33 6.491789435278084996e-02
2.765840598808613140e+06 1.068387275914702265e-33 6.505822416929377128e-02
2.827163704814109020e+06 1.078938301306457187e-33 6.519899012142230110e-02
2.889846442076662090e+06 1.089596134521805335e-33 6.534018888956825977e-02
2.953918955793977249e+06 1.100361871396944283e-33 6.548181719257206712e-02
3.019412059530984145e+06 1.111236619114672644e-33 6.562387178732716209e-02
3.086357250038582366e+06 1.122221496322762334e-33 6.576634946839621243e-02
3.154786722400970757e+06 1.133317633253526686e-33 6.590924706763000296e-02
3.224733385518816300e+06 1.144526171844695785e-33 6.605256145378368693e-02
3.296230877935701516e+06 1.155848265861516401e-33 6.619628953213978206e-02
3.369313584015476983e+06 1.167285081020179152e-33 6.634042824412900163e-02
3.444016650478287134e+06 1.178837795112515590e-33 6.648497456695215413e-02
3.520376003303227946e+06 1.190507598131981300e-33 6.662992551320795487e-02
3.598428365005763713e+06 1.202295692401048160e-33 6.677527813051771510e-02
3.678211272298210301e+06 1.214203292699797768e-33 6.692102950115508264e-02
3.759763094141780399e+06 1.226231626396013661e-33 6.706717674167574084e-02
3.843123050198872574e+06 1.238381933576538173e-33 6.721371700255138193e-02
3.928331229694475420e+06 1.250655467180010388e-33 6.736064746780225099e-02
4.015428610695759766e+06 1.262719747839566635e-33 6.751504135202483770e-02
4.104457079819130246e+06 1.274380696476822837e-33 6.768087614852881517e-02
4.195459452374213375e+06 1.286152526895121689e-33 6.784719963859579817e-02
4.288479492954472080e+06 1.298036312747163893e-33 6.801400896840438526e-02
4.383561936484342441e+06 1.310033138223442997e-33 6.818130131095281876e-02
4.480752509733024053e+06 1.322144098156759307e-33 6.834907386581963451e-02
4.580097953305264004e+06 1.334370298127921614e-33 6.851732385891982913e-02
4.681646044119708240e+06 1.346712854572399830e-33 6.868604854226777190e-02
4.785445618385639973e+06 1.359172894888136532e-33 6.885524519373423247e-02
4.891546595089144073e+06 1.371751557544324808e-33 6.902491111680891800e-02
5.000000000000009313e+06 1.384449992191400267e-33 6.919504364036178912e-02
5.110857990210853517e+06 1.397269359772066401e-33 6.936564011840305743e-02
5.224173879220414907e+06 1.410210832633412658e-33 6.953669792984930320e-02
5.340002162572887726e+06 1.423275594640255235e-33 6.970821447828443040e-02
5.458398544065765105e+06 1.436464841289489669e-33 6.988018719172645055e-02
5.579419962538750842e+06 1.449779779825650404e-33 7.005261352239131045e-02
5.703124619256611913e+06 1.463221629357696500e-33 7.022549094646006462e-02
5.829572005899166688e+06 1.476791620976800584e-33 7.039881696384701903e-02
5.958822933171842247e+06 1.490490997875516700e-33 7.057258909796691737e-02
6.090939560050585307e+06 1.504321015467970554e-33 7.074680489550665141e-02
6.225985423675171100e+06 1.518282941511379569e-33 7.092146192619307177e-02
6.364025469905299135e+06 1.532096509571449966e-33 7.109977792277986930e-02
6.505126084554163739e+06 1.545599071030294205e-33 7.128357808884479285e-02
6.649355125314525329e+06 1.559225032901306895e-33 7.146788416338328842e-02
6.796781954392633401e+06 1.572975551116473570e-33 7.165269354055446571e-02
6.947477471865693107e+06 1.586851792641834797e-33 7.183800363244299825e-02
7.101514149778922088e+06 1.600854935584396427e-33 7.202381186892584108e-02
7.258966066998594441e+06 1.614986169300144180e-33 7.221011569753564563e-02
7.419908944837830029e+06 1.629246694503030525e-33 7.239691258332890678e-02
7.584420183472266421e+06 1.643637723375153141e-33 7.258420000875019651e-02
7.752578899163126014e+06 1.658160479677873162e-33 7.277197547349743834e-02
7.924465962305570021e+06 1.672816198864076085e-33 7.296023649438901360e-02
8.100164036320656538e+06 1.687606128191632814e-33 7.314898060522809220e-02
8.279757617409589700e+06 1.702531526837800148e-33 7.333820535667030793e-02
8.463333075189379975e+06 1.717593666014912745e-33 7.352790831608792266e-02
8.650978694229470566e+06 1.732793829087040198e-33 7.371808706743812611e-02
8.842784716509310529e+06 1.748133311687987925e-33 7.390873921112788014e-02
9.038843384817188606e+06 1.763613421840248115e-33 7.409986236388250991e-02
9.239248987111471593e+06 1.779235480075304416e-33 7.429145415861165835e-02
9.444097901865221560e+06 1.795000819554988970e-33 7.448351224427673944e-02
9.653488644416267052e+06 1.810910786194058390e-33 7.467603428576029267e-02
9.867521914344904944e+06 1.826966738784062255e-33 7.486901796373197915e-02
1.008630064390205219e+07 1.842844612329062236e-33 7.506282703943069345e-02
1.030993004751111567e+07 1.858356571535531155e-33 7.525767426682124228e-02
1.053851767236740887e+07 1.874004762975654029e-33 7.545299478455717856e-02
1.077217345015943237e+07 1.889790419306526466e-33 7.564878617214232381e-02
1.101100974993688986e+07 1.905714784591628833e-33 7.584504602129758799e-02
1.125514143215089105e+07 1.921779114408196987e-33 7.604177193588845807e-02
1.150468590389229916e+07 1.937984675955662454e-33 7.623896153185383273e-02
1.175976317535480484e+07 1.954332748165047789e-33 7.643661243713702202e-02
1.202049591754986905e+07 1.970824621809432076e-33 7.663472229161304161e-02
1.228700952130131610e+07 1.987461599615535810e-33 7.683328874701660094e-02
1.255943215754790977e+07 2.004244996376254816e-33 7.703230946687322778e-02
1.283789483898294903e+07 2.021176139064376168e-33 7.723178212642414775e-02
1.312253148306051269e+07 2.038256366947300942e-33 7.743170441255795011e-02
1.341347897639863566e+07 2.055487031702883986e-33 7.763207402373689670e-02
1.371087724061042629e+07 2.072869497536440279e-33 7.783288866992447985e-02
1.401486929959475994e+07 2.090405141298753700e-33 7.803414607251622781e-02
1.432560134831890650e+07 2.108095352605331085e-33 7.823584396426451482e-02
1.464322282312618382e+07 2.125941533956669282e-33 7.843798008920938036e-02
1.496788647360244952e+07 2.143945100859805133e-33 7.864055220260600387e-02
1.529974843603597768e+07 2.162107481950933200e-33 7.884355807085130508e-02
1.563896830850609951e+07 2.180430119119222588e-33 7.904699547141481875e-02
1.598570922763651237e+07 2.198604043293877957e-33 7.925876357720636201e-02
1.634013794705065712e+07 2.216450759128492838e-33 7.948328704533927369e-02
1.670242491756625287e+07 2.234449635002749980e-33 7.970832917924083882e-02
1.707274436916803569e+07 2.252602013946013404e-33 7.993388736862154509e-02
1.745127439479792863e+07 2.270909251143881204e-33 8.015995901377755140e-02
1.783819703600298241e+07 2.289372714050332527e-33 8.038654152554965127e-02
1.823369837048224732e+07 2.307993782500752082e-33 8.061363232528277745e-02
1.863796860157472640e+07 2.326773848826171888e-33 8.084122884478184279e-02
1.905120214973140135e+07 2.345714317968358722e-33 8.106932852626944075e-02
1.947359774601534754e+07 2.364816607596272082e-33 8.129792882234170015e-02
1.990535852767488360e+07 2.384082148223280957e-33 8.152702719592558323e-02
2.034669213583574817e+07 2.403512383325823629e-33 8.175662112023360240e-02
2.079781081535925344e+07 2.423108769462804055e-33 8.198670807872045219e-02
2.125893151691446826e+07 2.442872776396470960e-33 8.221728556503613006e-02
2.173027600131348893e+07 2.462805887214128960e-33 8.244835108298428916e-02
2.221207094615999982e+07 2.482909598451169896e-33 8.267990214647231995e-02
2.270454805486239493e+07 2.503185420215162674e-33 8.291193627947013312e-02
2.320794416806390882e+07 2.523634876311157943e-33 8.314445101596026899e-02
2.372250137754331529e+07 2.544259504368124156e-33 8.337744389989606986e-02
2.424846714264100045e+07 2.565060855966591283e-33 8.361091248515072072e-02
2.478609440926637128e+07 2.586040496767446079e-33 8.384485433547500532e-02
2.533564173154387251e+07 2.606889765691872139e-33 8.407297224850972250e-02
2.589737339615606144e+07 2.627430733126979729e-33 8.429176075920298550e-02
2.647155954944358766e+07 2.648142777221800558e-33 8.451097446215172226e-02
2.705847632732323930e+07 2.669027378724439671e-33 8.473061103276274819e-02
2.765840598808619007e+07 2.690086031547205980e-33 8.495066815385653169e-02
2.827163704814114794e+07 2.711320242885922419e-33 8.517114351566136554e-02
2.889846442076662183e+07 2.732731533340113981e-33 8.539203481580193156e-02
2.953918955793977529e+07 2.754321437034462589e-33 8.561333975929411033e-02
3.019412059530984238e+07 2.776091501741237339e-33 8.583505605853078424e-02
3.086357250038582087e+07 2.798043289004037093e-33 8.605718143327628633e-02
3.154786722400971130e+07 2.820178374262407170e-33 8.627971361065332745e-02
3.224733385518816486e+07 2.842498346977863154e-33 8.650265032513491936e-02
3.296230877935701609e+07 2.865004810760836012e-33 8.672598931853137127e-02
3.369313584015476704e+07 2.887699383499029120e-33 8.694972833998121375e-02
3.444016650478287041e+07 2.910583697486600120e-33 8.717386514593870872e-02
3.520376003303228319e+07 2.933659399554995876e-33 8.739839750016276110e-02
3.598428365005763620e+07 2.956928151204591395e-33 8.762332317370508106e-02
3.678211272298210114e+07 2.980391628737660259e-33 8.784863994489698624e-02
3.759763094141779840e+07 3.004051523392687506e-33 8.807434559933922935e-02
3.843123050198872387e+07 3.027909541479719805e-33 8.830043792988662155e-02
3.928331229694475234e+07 3.051967404517063213e-33 8.852691473663876209e-02
4.015428610695759952e+07 3.075920292173324469e-33 8.876123663064135194e-02
4.104457079819130152e+07 3.099592889906115560e-33 8.900756366309262035e-02
4.195459452374213934e+07 3.123459205969403395e-33 8.925432980058081722e-02
4.288479492954472452e+07 3.147520892792912521e-33 8.950153241227205847e-02
4.383561936484342813e+07 3.171779617294819266e-33 8.974916887536850407e-02
4.480752509733024240e+07 3.196237061011128946e-33 8.999723657511032870e-02
4.580097953305263817e+07 3.220894920226000042e-33 9.024573290477001797e-02
4.681646044119708240e+07 3.245754906103547683e-33 9.049465526565414475e-02
4.785445618385649472e+07 3.270818744820600247e-33 9.074400106709544500e-02
4.891546595089153945e+07 3.296088177700801168e-33 9.099376772645323408e-02
5.000000000000009686e+07 3.321564961349838338e-33 9.124395266910814706e-02
5.110857990210853517e+07 3.347250867791877075e-33 9.149455332845693456e-02
5.224173879220414907e+07 3.373147684607339641e-33 9.174556714591156070e-02
5.340002162572887540e+07 3.399257215071758327e-33 9.199699157088928048e-02
5.458398544065765291e+07 3.425581278296121511e-33 9.224882406081193198e-02
5.579419962538751215e+07 3.452121709368265218e-33 9.250106208109822037e-02
5.703124619256612659e+07 3.478880359495527775e-33 9.275370310515865246e-02
5.829572005899166316e+07 3.505859096149003488e-33 9.300674461438949991e-02
5.958822933171842247e+07 3.533059803208686520e-33 9.326018409816556887e-02
6.090939560050585866e+07 3.560484381110232946e-33 9.351401905383449620e-02
6.225985423675171286e+07 3.588134746992899017e-33 9.376824698671117064e-02
6.364025469905298948e+07 3.615634160375811543e-33 9.402306285147821185e-02
6.505126084554163367e+07 3.642765652583827530e-33 9.427857966997341133e-02
6.649355125314525515e+07 3.670114434112217435e-33 9.453449137500195831e-02
6.796781954392634332e+07 3.697682321204442229e-33 9.479079544001393909e-02
6.947477471865692735e+07 3.725471145703160595e-33 9.504748934609501265e-02
7.101514149778921902e+07 3.753482755186555842e-33 9.530457058197157327e-02
7.258966066998594999e+07 3.781719013105721306e-33 9.556203664401531628e-02
7.419908944837829471e+07 3.810181798923393011e-33 9.581988503624452869e-02
7.584420183472266793e+07 3.838873008253711398e-33 9.607811327032832194e-02
7.752578899163125455e+07 3.867794553003469195e-33 9.633671886558992092e-02
7.924465962305569649e+07 3.896948361514316535e-33 9.659569934900735788e-02
8.100164036320656538e+07 3.926336378706538414e-33 9.685505225521778838e-02
8.279757617409606278e+07 3.955960566223801024e-33 9.711477512651743582e-02
8.463333075189396739e+07 3.985822902579365069e-33 9.737486551286522740e-02
8.650978694229488075e+07 4.015925383303588165e-33 9.763532097188187819e-02
8.842784716509310901e+07 4.046270021092579482e-33 9.789613906885220873e-02
9.038843384817188978e+07 4.076858845958300155e-33 9.815731737672496460e-02
9.239248987111471593e+07 4.107693905380023943e-33 9.841885347611496748e-02
9.444097901865221560e+07 4.138777264456939179e-33 9.868074495530158863e-02
9.653488644416266680e+07 4.170111006062348392e-33 9.894298941022958149e-02
9.867521914344903827e+07 4.201697230998977749e-33 9.920558444450998381e-02
